 M = [
     894 207 -248 -269 -281;
     207 646 -42 -42 464;
     -248 -42 970 225 -15;
     -269 -42 225 174 -5;
     -281 464 -15 -5 917
 ];


